
杭州 2019-01-01 良 73 205 53 72 8 39 0.90 20
杭州 2019-01-02 良 90 202 66 90 9 48 0.95 21
杭州 2019-01-04 良 79 205 58 83 7 53 1.39 5
杭州 2019-01-05 优 31 43 21 27 6 42 1.18 6
杭州 2019-01-06 良 55 131 38 51 7 42 1.67 10
杭州 2019-01-07 良 55 106 38 58 8 55 1.25 4
杭州 2019-01-08 良 64 161 45 62 8 47 1.04 18
杭州 2019-01-09 良 66 209 47 66 9 51 1.06 17
杭州 2019-01-10 优 36 82 22 31 7 49 0.82 6
杭州 2019-01-11 优 26 30 15 21 7 48 0.92 3
杭州 2019-01-12 优 39 53 26 37 7 37 1.12 13
杭州 2019-01-13 良 84 150 62 86 9 42 1.17 22
杭州 2019-01-16 良 84 288 60 90 9 37 0.99 26
杭州 2019-01-17 良 81 187 59 97 9 46 0.99 23
杭州 2019-01-18 良 91 203 66 117 8 53 1.12 27
杭州 2019-01-19 良 92 199 68 119 7 55 1.26 10
杭州 2019-01-21 良 73 192 52 84 9 47 0.83 26
杭州 2019-01-22 良 92 217 68 110 8 49 1.00 36
杭州 2019-01-23 良 95 217 70 116 8 58 1.10 36
杭州 2019-01-26 优 49 78 28 50 7 24 0.66 52
杭州 2019-01-27 良 60 100 38 68 6 41 0.74 35
杭州 2019-01-28 良 92 225 67 107 10 59 0.98 15
杭州 2019-01-31 优 39 62 22 37 5 23 0.71 45